     1.0000   .00000E+00   .00000E+00
     9.0000   .32044E+00   .31835E-03
    17.0000   .79963E+00   .23326E-02
    25.0000   .99956E+00   .54669E-02
    33.0000   .10723E+01   .90226E-02
    41.0000   .10991E+01   .12723E-01
    49.0000   .11098E+01   .16470E-01
    57.0000   .11146E+01   .20230E-01
    65.0000   .11173E+01   .23988E-01
    73.0000   .11192E+01   .27741E-01
    81.0000   .11208E+01   .31487E-01
    89.0000   .11223E+01   .35226E-01
    97.0000   .11237E+01   .38957E-01
   105.0000   .11252E+01   .42681E-01
   113.0000   .11266E+01   .46396E-01
   121.0000   .11280E+01   .50104E-01
   129.0000   .11294E+01   .53804E-01
   137.0000   .11308E+01   .57497E-01
   145.0000   .11322E+01   .61180E-01
   153.0000   .11335E+01   .64857E-01
   161.0000   .11349E+01   .68526E-01
   169.0000   .11363E+01   .72185E-01
   177.0000   .11377E+01   .75838E-01
   185.0000   .11391E+01   .79483E-01
   193.0000   .11404E+01   .83120E-01
   201.0000   .11418E+01   .86752E-01
   209.0000   .11432E+01   .90373E-01
   217.0000   .11445E+01   .93987E-01
   225.0000   .11459E+01   .97592E-01
   233.0000   .11473E+01   .10119E+00
   241.0000   .11486E+01   .10478E+00
   249.0000   .11499E+01   .10836E+00
   257.0000   .11513E+01   .11194E+00
   265.0000   .11526E+01   .11551E+00
   273.0000   .11540E+01   .11907E+00
   281.0000   .11553E+01   .12262E+00
   289.0000   .11566E+01   .12616E+00
   297.0000   .11580E+01   .12970E+00
   305.0000   .11593E+01   .13324E+00
   313.0000   .11606E+01   .13676E+00
   321.0000   .11619E+01   .14027E+00
   329.0000   .11632E+01   .14378E+00
   337.0000   .11646E+01   .14728E+00
   345.0000   .11659E+01   .15077E+00
   353.0000   .11672E+01   .15425E+00
   361.0000   .11685E+01   .15773E+00
   369.0000   .11698E+01   .16120E+00
   377.0000   .11711E+01   .16466E+00
   385.0000   .11723E+01   .16812E+00
   393.0000   .11736E+01   .17156E+00
   401.0000   .11749E+01   .17500E+00
   409.0000   .11762E+01   .17844E+00
   417.0000   .11775E+01   .18186E+00
   425.0000   .11787E+01   .18528E+00
   433.0000   .11800E+01   .18869E+00
   441.0000   .11813E+01   .19209E+00
   449.0000   .11826E+01   .19549E+00
   457.0000   .11838E+01   .19887E+00
   465.0000   .11851E+01   .20225E+00
   473.0000   .11863E+01   .20563E+00
   481.0000   .11876E+01   .20900E+00
   489.0000   .11888E+01   .21236E+00
   497.0000   .11901E+01   .21571E+00
   505.0000   .11913E+01   .21905E+00
   513.0000   .11925E+01   .22239E+00
   521.0000   .11938E+01   .22572E+00
   529.0000   .11950E+01   .22905E+00
   537.0000   .11962E+01   .23236E+00
   545.0000   .11975E+01   .23567E+00
   553.0000   .11987E+01   .23897E+00
   561.0000   .11999E+01   .24227E+00
   569.0000   .12011E+01   .24555E+00
   577.0000   .12023E+01   .24883E+00
   585.0000   .12036E+01   .25211E+00
   593.0000   .12048E+01   .25537E+00
   601.0000   .12060E+01   .25863E+00
   609.0000   .12072E+01   .26188E+00
   617.0000   .12084E+01   .26513E+00
   625.0000   .12096E+01   .26836E+00
   633.0000   .12108E+01   .27160E+00
   641.0000   .12119E+01   .27482E+00
   649.0000   .12131E+01   .27804E+00
   657.0000   .12143E+01   .28125E+00
   665.0000   .12155E+01   .28445E+00
   673.0000   .12167E+01   .28764E+00
   681.0000   .12178E+01   .29083E+00
   689.0000   .12190E+01   .29402E+00
   697.0000   .12202E+01   .29719E+00
   705.0000   .12213E+01   .30036E+00
   713.0000   .12225E+01   .30352E+00
   721.0000   .12237E+01   .30667E+00
   729.0000   .12248E+01   .30982E+00
   737.0000   .12260E+01   .31296E+00
   745.0000   .12271E+01   .31610E+00
   753.0000   .12283E+01   .31922E+00
   761.0000   .12294E+01   .32234E+00
   769.0000   .12306E+01   .32546E+00
   777.0000   .12317E+01   .32857E+00
   785.0000   .12328E+01   .33167E+00
   793.0000   .12340E+01   .33476E+00
   801.0000   .12351E+01   .33785E+00
   809.0000   .12362E+01   .34093E+00
   817.0000   .12373E+01   .34400E+00
   825.0000   .12385E+01   .34707E+00
   833.0000   .12396E+01   .35013E+00
   841.0000   .12407E+01   .35318E+00
   849.0000   .12418E+01   .35623E+00
   857.0000   .12429E+01   .35927E+00
   865.0000   .12440E+01   .36230E+00
   873.0000   .12451E+01   .36533E+00
   881.0000   .12462E+01   .36835E+00
   889.0000   .12473E+01   .37136E+00
   897.0000   .12484E+01   .37437E+00
   905.0000   .12495E+01   .37737E+00
   913.0000   .12506E+01   .38036E+00
   921.0000   .12517E+01   .38335E+00
   929.0000   .12528E+01   .38633E+00
   937.0000   .12538E+01   .38930E+00
   945.0000   .12549E+01   .39227E+00
   953.0000   .12560E+01   .39523E+00
   961.0000   .12571E+01   .39819E+00
   969.0000   .12581E+01   .40114E+00
   977.0000   .12592E+01   .40408E+00
   985.0000   .12603E+01   .40701E+00
   993.0000   .12613E+01   .40994E+00
  1001.0000   .12624E+01   .41286E+00
  1009.0000   .12635E+01   .41578E+00
  1017.0000   .12645E+01   .41869E+00
  1025.0000   .12656E+01   .42159E+00
  1033.0000   .12666E+01   .42449E+00
  1041.0000   .12676E+01   .42738E+00
  1049.0000   .12687E+01   .43027E+00
  1057.0000   .12697E+01   .43314E+00
  1065.0000   .12708E+01   .43601E+00
  1073.0000   .12718E+01   .43888E+00
  1081.0000   .12728E+01   .44174E+00
  1089.0000   .12739E+01   .44459E+00
  1097.0000   .12749E+01   .44744E+00
  1105.0000   .12759E+01   .45028E+00
  1113.0000   .12769E+01   .45311E+00
  1121.0000   .12780E+01   .45594E+00
  1129.0000   .12790E+01   .45876E+00
  1137.0000   .12800E+01   .46158E+00
  1145.0000   .12810E+01   .46439E+00
  1153.0000   .12820E+01   .46719E+00
  1161.0000   .12830E+01   .46999E+00
  1169.0000   .12840E+01   .47278E+00
  1177.0000   .12850E+01   .47556E+00
  1185.0000   .12860E+01   .47834E+00
  1193.0000   .12870E+01   .48111E+00
  1201.0000   .12880E+01   .48388E+00
  1209.0000   .12890E+01   .48664E+00
  1217.0000   .12900E+01   .48939E+00
  1225.0000   .12910E+01   .49214E+00
  1233.0000   .12920E+01   .49488E+00
  1241.0000   .12929E+01   .49762E+00
  1249.0000   .12939E+01   .50035E+00
  1257.0000   .12949E+01   .50308E+00
  1265.0000   .12959E+01   .50580E+00
  1273.0000   .12968E+01   .50851E+00
  1281.0000   .12978E+01   .51121E+00
  1289.0000   .12988E+01   .51391E+00
  1297.0000   .12997E+01   .51661E+00
  1305.0000   .13007E+01   .51930E+00
  1313.0000   .13016E+01   .52198E+00
  1321.0000   .13026E+01   .52466E+00
  1329.0000   .13036E+01   .52733E+00
  1337.0000   .13045E+01   .52999E+00
  1345.0000   .13055E+01   .53265E+00
  1353.0000   .13064E+01   .53530E+00
  1361.0000   .13073E+01   .53795E+00
  1369.0000   .13083E+01   .54059E+00
  1377.0000   .13092E+01   .54322E+00
  1385.0000   .13102E+01   .54585E+00
  1393.0000   .13111E+01   .54848E+00
  1401.0000   .13120E+01   .55109E+00
  1409.0000   .13130E+01   .55371E+00
  1417.0000   .13139E+01   .55631E+00
  1425.0000   .13148E+01   .55891E+00
  1433.0000   .13157E+01   .56151E+00
  1441.0000   .13166E+01   .56410E+00
  1449.0000   .13176E+01   .56668E+00
  1457.0000   .13185E+01   .56926E+00
  1465.0000   .13194E+01   .57183E+00
  1473.0000   .13203E+01   .57440E+00
  1481.0000   .13212E+01   .57696E+00
  1489.0000   .13221E+01   .57951E+00
  1497.0000   .13230E+01   .58206E+00
  1505.0000   .13239E+01   .58460E+00
  1513.0000   .13248E+01   .58714E+00
  1521.0000   .13257E+01   .58967E+00
  1529.0000   .13266E+01   .59220E+00
  1537.0000   .13275E+01   .59472E+00
  1545.0000   .13284E+01   .59724E+00
  1553.0000   .13293E+01   .59975E+00
  1561.0000   .13302E+01   .60225E+00
  1569.0000   .13310E+01   .60475E+00
  1577.0000   .13319E+01   .60724E+00
  1585.0000   .13328E+01   .60973E+00
  1593.0000   .13337E+01   .61221E+00
  1601.0000   .13345E+01   .61469E+00
  1609.0000   .13354E+01   .61716E+00
  1617.0000   .13363E+01   .61962E+00
  1625.0000   .13371E+01   .62208E+00
  1633.0000   .13380E+01   .62454E+00
  1641.0000   .13389E+01   .62699E+00
  1649.0000   .13397E+01   .62943E+00
  1657.0000   .13406E+01   .63187E+00
  1665.0000   .13414E+01   .63430E+00
  1673.0000   .13423E+01   .63673E+00
  1681.0000   .13432E+01   .63915E+00
  1689.0000   .13440E+01   .64157E+00
  1697.0000   .13448E+01   .64398E+00
  1705.0000   .13457E+01   .64638E+00
  1713.0000   .13465E+01   .64878E+00
  1721.0000   .13474E+01   .65118E+00
  1729.0000   .13482E+01   .65357E+00
  1737.0000   .13490E+01   .65595E+00
  1745.0000   .13499E+01   .65833E+00
  1753.0000   .13507E+01   .66071E+00
  1761.0000   .13515E+01   .66307E+00
  1769.0000   .13524E+01   .66544E+00
  1777.0000   .13532E+01   .66780E+00
  1785.0000   .13540E+01   .67015E+00
  1793.0000   .13548E+01   .67250E+00
  1801.0000   .13557E+01   .67484E+00
  1809.0000   .13565E+01   .67717E+00
  1817.0000   .13573E+01   .67951E+00
  1825.0000   .13581E+01   .68183E+00
  1833.0000   .13589E+01   .68415E+00
  1841.0000   .13597E+01   .68647E+00
  1849.0000   .13605E+01   .68878E+00
  1857.0000   .13613E+01   .69109E+00
  1865.0000   .13621E+01   .69339E+00
  1873.0000   .13629E+01   .69568E+00
  1881.0000   .13637E+01   .69797E+00
  1889.0000   .13645E+01   .70026E+00
  1897.0000   .13653E+01   .70254E+00
  1905.0000   .13661E+01   .70481E+00
  1913.0000   .13669E+01   .70708E+00
  1921.0000   .13677E+01   .70935E+00
  1929.0000   .13685E+01   .71161E+00
  1937.0000   .13693E+01   .71386E+00
  1945.0000   .13700E+01   .71611E+00
  1953.0000   .13708E+01   .71836E+00
  1961.0000   .13716E+01   .72060E+00
  1969.0000   .13724E+01   .72284E+00
  1977.0000   .13731E+01   .72507E+00
  1985.0000   .13739E+01   .72729E+00
  1993.0000   .13747E+01   .72951E+00
  2001.0000   .13755E+01   .73172E+00
  2009.0000   .13762E+01   .73393E+00
  2017.0000   .13770E+01   .73614E+00
  2025.0000   .13777E+01   .73834E+00
  2033.0000   .13785E+01   .74053E+00
  2041.0000   .13793E+01   .74272E+00
  2049.0000   .13800E+01   .74491E+00
  2057.0000   .13808E+01   .74709E+00
  2065.0000   .13815E+01   .74926E+00
  2073.0000   .13823E+01   .75143E+00
  2081.0000   .13830E+01   .75360E+00
  2089.0000   .13838E+01   .75576E+00
  2097.0000   .13845E+01   .75791E+00
  2105.0000   .13853E+01   .76007E+00
  2113.0000   .13860E+01   .76221E+00
  2121.0000   .13867E+01   .76435E+00
  2129.0000   .13875E+01   .76649E+00
  2137.0000   .13882E+01   .76862E+00
  2145.0000   .13889E+01   .77075E+00
  2153.0000   .13897E+01   .77287E+00
  2161.0000   .13904E+01   .77499E+00
  2169.0000   .13911E+01   .77710E+00
  2177.0000   .13918E+01   .77921E+00
  2185.0000   .13926E+01   .78131E+00
  2193.0000   .13933E+01   .78341E+00
  2201.0000   .13940E+01   .78550E+00
  2209.0000   .13947E+01   .78759E+00
  2217.0000   .13954E+01   .78967E+00
  2225.0000   .13962E+01   .79175E+00
  2233.0000   .13969E+01   .79383E+00
  2241.0000   .13976E+01   .79590E+00
  2249.0000   .13983E+01   .79796E+00
  2257.0000   .13990E+01   .80002E+00
  2265.0000   .13997E+01   .80208E+00
  2273.0000   .14004E+01   .80413E+00
  2281.0000   .14011E+01   .80618E+00
  2289.0000   .14018E+01   .80822E+00
  2297.0000   .14025E+01   .81026E+00
  2305.0000   .14032E+01   .81229E+00
  2313.0000   .14039E+01   .81432E+00
  2321.0000   .14046E+01   .81634E+00
  2329.0000   .14053E+01   .81836E+00
  2337.0000   .14060E+01   .82038E+00
  2345.0000   .14067E+01   .82239E+00
  2353.0000   .14073E+01   .82439E+00
  2361.0000   .14080E+01   .82639E+00
  2369.0000   .14087E+01   .82839E+00
  2377.0000   .14094E+01   .83038E+00
  2385.0000   .14101E+01   .83237E+00
  2393.0000   .14107E+01   .83435E+00
  2401.0000   .14114E+01   .83633E+00
  2409.0000   .14121E+01   .83830E+00
  2417.0000   .14128E+01   .84027E+00
  2425.0000   .14134E+01   .84224E+00
  2433.0000   .14141E+01   .84420E+00
  2441.0000   .14148E+01   .84616E+00
  2449.0000   .14154E+01   .84811E+00
  2457.0000   .14161E+01   .85005E+00
  2465.0000   .14167E+01   .85200E+00
  2473.0000   .14174E+01   .85394E+00
  2481.0000   .14181E+01   .85587E+00
  2489.0000   .14187E+01   .85780E+00
  2497.0000   .14194E+01   .85972E+00
  2505.0000   .14200E+01   .86165E+00
  2513.0000   .14207E+01   .86356E+00
  2521.0000   .14213E+01   .86547E+00
  2529.0000   .14220E+01   .86738E+00
  2537.0000   .14226E+01   .86929E+00
  2545.0000   .14233E+01   .87119E+00
  2553.0000   .14239E+01   .87308E+00
  2561.0000   .14245E+01   .87497E+00
  2569.0000   .14252E+01   .87686E+00
  2577.0000   .14258E+01   .87874E+00
  2585.0000   .14265E+01   .88062E+00
  2593.0000   .14271E+01   .88249E+00
  2601.0000   .14277E+01   .88436E+00
  2609.0000   .14284E+01   .88623E+00
  2617.0000   .14290E+01   .88809E+00
  2625.0000   .14296E+01   .88994E+00
  2633.0000   .14302E+01   .89180E+00
  2641.0000   .14309E+01   .89364E+00
  2649.0000   .14315E+01   .89549E+00
  2657.0000   .14321E+01   .89733E+00
  2665.0000   .14327E+01   .89916E+00
  2673.0000   .14333E+01   .90099E+00
  2681.0000   .14340E+01   .90282E+00
  2689.0000   .14346E+01   .90464E+00
  2697.0000   .14352E+01   .90646E+00
  2705.0000   .14358E+01   .90828E+00
  2713.0000   .14364E+01   .91009E+00
  2721.0000   .14370E+01   .91190E+00
  2729.0000   .14376E+01   .91370E+00
  2737.0000   .14382E+01   .91550E+00
  2745.0000   .14388E+01   .91729E+00
  2753.0000   .14394E+01   .91908E+00
  2761.0000   .14400E+01   .92087E+00
  2769.0000   .14406E+01   .92265E+00
  2777.0000   .14412E+01   .92443E+00
  2785.0000   .14418E+01   .92620E+00
  2793.0000   .14424E+01   .92797E+00
  2801.0000   .14430E+01   .92974E+00
  2809.0000   .14436E+01   .93150E+00
  2817.0000   .14442E+01   .93326E+00
  2825.0000   .14448E+01   .93501E+00
  2833.0000   .14454E+01   .93676E+00
  2841.0000   .14460E+01   .93851E+00
  2849.0000   .14465E+01   .94025E+00
  2857.0000   .14471E+01   .94199E+00
  2865.0000   .14477E+01   .94372E+00
  2873.0000   .14483E+01   .94545E+00
  2881.0000   .14489E+01   .94718E+00
  2889.0000   .14494E+01   .94890E+00
  2897.0000   .14500E+01   .95062E+00
  2905.0000   .14506E+01   .95233E+00
  2913.0000   .14512E+01   .95404E+00
  2921.0000   .14517E+01   .95575E+00
  2929.0000   .14523E+01   .95745E+00
  2937.0000   .14529E+01   .95915E+00
  2945.0000   .14534E+01   .96084E+00
  2953.0000   .14540E+01   .96253E+00
  2961.0000   .14546E+01   .96422E+00
  2969.0000   .14551E+01   .96590E+00
  2977.0000   .14557E+01   .96758E+00
  2985.0000   .14562E+01   .96926E+00
  2993.0000   .14568E+01   .97093E+00
  3001.0000   .14574E+01   .97260E+00
  3009.0000   .14579E+01   .97426E+00
  3017.0000   .14585E+01   .97592E+00
  3025.0000   .14590E+01   .97758E+00
  3033.0000   .14596E+01   .97923E+00
  3041.0000   .14601E+01   .98088E+00