  1.0000   .00000E+00   .00000E+00
     9.0000   .00000E+00   .00000E+00
    17.0000   .74279E-04   .00000E+00
    25.0000   .24118E-02   .00000E+00
    33.0000   .14383E-01   .50488E-05
    41.0000   .42408E-01   .41113E-04
    49.0000   .87113E-01   .12099E-03
    57.0000   .14503E+00   .26455E-03
    65.0000   .21143E+00   .48697E-03
    73.0000   .28190E+00   .79390E-03
    81.0000   .35302E+00   .11907E-02
    89.0000   .42233E+00   .16733E-02
    97.0000   .48827E+00   .22412E-02
   105.0000   .54990E+00   .28874E-02
   113.0000   .60675E+00   .36070E-02
   121.0000   .65870E+00   .43938E-02
   129.0000   .70583E+00   .52417E-02
   137.0000   .74834E+00   .61444E-02
   145.0000   .78653E+00   .70967E-02
   153.0000   .82073E+00   .80931E-02
   161.0000   .85128E+00   .91276E-02
   169.0000   .87852E+00   .10198E-01
   177.0000   .90278E+00   .11298E-01
   185.0000   .92437E+00   .12427E-01
   193.0000   .94356E+00   .13578E-01
   201.0000   .96062E+00   .14752E-01
   209.0000   .97578E+00   .15943E-01
   217.0000   .98926E+00   .17152E-01
   225.0000   .10012E+01   .18375E-01
   233.0000   .10119E+01   .19610E-01
   241.0000   .10214E+01   .20856E-01
   249.0000   .10299E+01   .22112E-01
   257.0000   .10374E+01   .23375E-01
   265.0000   .10441E+01   .24646E-01
   273.0000   .10502E+01   .25926E-01
   281.0000   .10555E+01   .27208E-01
   289.0000   .10604E+01   .28497E-01
   297.0000   .10647E+01   .29788E-01
   305.0000   .10686E+01   .31085E-01
   313.0000   .10721E+01   .32383E-01
   321.0000   .10753E+01   .33685E-01
   329.0000   .10781E+01   .34987E-01
   337.0000   .10807E+01   .36292E-01
   345.0000   .10831E+01   .37599E-01
   353.0000   .10853E+01   .38908E-01
   361.0000   .10872E+01   .40215E-01
   369.0000   .10890E+01   .41525E-01
   377.0000   .10907E+01   .42833E-01
   385.0000   .10922E+01   .44142E-01
   393.0000   .10937E+01   .45453E-01
   401.0000   .10950E+01   .46764E-01
   409.0000   .10962E+01   .48076E-01
   417.0000   .10974E+01   .49384E-01
   425.0000   .10984E+01   .50696E-01
   433.0000   .10995E+01   .52003E-01
   441.0000   .11004E+01   .53311E-01
   449.0000   .11013E+01   .54621E-01
   457.0000   .11022E+01   .55927E-01
   465.0000   .11030E+01   .57238E-01
   473.0000   .11038E+01   .58543E-01
   481.0000   .11046E+01   .59851E-01
   489.0000   .11053E+01   .61155E-01
   497.0000   .11061E+01   .62462E-01
   505.0000   .11068E+01   .63764E-01
   513.0000   .11074E+01   .65069E-01
   521.0000   .11081E+01   .66369E-01
   529.0000   .11087E+01   .67668E-01
   537.0000   .11094E+01   .68971E-01
   545.0000   .11100E+01   .70270E-01
   553.0000   .11106E+01   .71572E-01
   561.0000   .11112E+01   .72873E-01
   569.0000   .11118E+01   .74167E-01
   577.0000   .11123E+01   .75466E-01
   585.0000   .11129E+01   .76758E-01
   593.0000   .11135E+01   .78056E-01
   601.0000   .11140E+01   .79346E-01
   609.0000   .11146E+01   .80642E-01
   617.0000   .11151E+01   .81930E-01
   625.0000   .11157E+01   .83223E-01
   633.0000   .11162E+01   .84516E-01
   641.0000   .11167E+01   .85801E-01
   649.0000   .11173E+01   .87094E-01
   657.0000   .11178E+01   .88377E-01
   665.0000   .11183E+01   .89667E-01
   673.0000   .11189E+01   .90955E-01
   681.0000   .11194E+01   .92235E-01
   689.0000   .11199E+01   .93522E-01
   697.0000   .11204E+01   .94799E-01
   705.0000   .11210E+01   .96084E-01
   713.0000   .11215E+01   .97367E-01
   721.0000   .11220E+01   .98642E-01
   729.0000   .11225E+01   .99924E-01
   737.0000   .11230E+01   .10120E+00
   745.0000   .11235E+01   .10248E+00
   753.0000   .11240E+01   .10375E+00
   761.0000   .11245E+01   .10503E+00
   769.0000   .11250E+01   .10630E+00
   777.0000   .11255E+01   .10758E+00
   785.0000   .11260E+01   .10885E+00
   793.0000   .11266E+01   .11012E+00
   801.0000   .11270E+01   .11139E+00
   809.0000   .11276E+01   .11266E+00
   817.0000   .11281E+01   .11393E+00
   825.0000   .11286E+01   .11520E+00
   833.0000   .11291E+01   .11646E+00
   841.0000   .11296E+01   .11773E+00
   849.0000   .11301E+01   .11900E+00
   857.0000   .11306E+01   .12026E+00
   865.0000   .11311E+01   .12152E+00
   873.0000   .11316E+01   .12279E+00
   881.0000   .11321E+01   .12404E+00
   889.0000   .11326E+01   .12530E+00
   897.0000   .11331E+01   .12656E+00
   905.0000   .11336E+01   .12783E+00
   913.0000   .11340E+01   .12907E+00
   921.0000   .11345E+01   .13033E+00
   929.0000   .11350E+01   .13159E+00
   937.0000   .11355E+01   .13285E+00
   945.0000   .11360E+01   .13410E+00
   953.0000   .11365E+01   .13535E+00
   961.0000   .11370E+01   .13660E+00
   969.0000   .11375E+01   .13785E+00
   977.0000   .11380E+01   .13911E+00
   985.0000   .11385E+01   .14035E+00
   993.0000   .11390E+01   .14160E+00
  1001.0000   .11395E+01   .14285E+00
  1009.0000   .11400E+01   .14410E+00
  1017.0000   .11405E+01   .14534E+00
  1025.0000   .11410E+01   .14658E+00
  1033.0000   .11414E+01   .14782E+00
  1041.0000   .11419E+01   .14907E+00
  1049.0000   .11424E+01   .15031E+00
  1057.0000   .11429E+01   .15155E+00
  1065.0000   .11434E+01   .15278E+00
  1073.0000   .11439E+01   .15402E+00
  1081.0000   .11444E+01   .15526E+00
  1089.0000   .11449E+01   .15650E+00
  1097.0000   .11454E+01   .15774E+00
  1105.0000   .11458E+01   .15896E+00
  1113.0000   .11463E+01   .16020E+00
  1121.0000   .11468E+01   .16144E+00
  1129.0000   .11473E+01   .16267E+00
  1137.0000   .11478E+01   .16390E+00
  1145.0000   .11483E+01   .16514E+00
  1153.0000   .11487E+01   .16635E+00
  1161.0000   .11492E+01   .16758E+00
  1169.0000   .11497E+01   .16881E+00
  1177.0000   .11502E+01   .17004E+00
  1185.0000   .11507E+01   .17127E+00
  1193.0000   .11512E+01   .17250E+00
  1201.0000   .11516E+01   .17371E+00
  1209.0000   .11521E+01   .17493E+00
  1217.0000   .11526E+01   .17616E+00
  1225.0000   .11531E+01   .17738E+00
  1233.0000   .11536E+01   .17860E+00
  1241.0000   .11540E+01   .17982E+00
  1249.0000   .11545E+01   .18104E+00
  1257.0000   .11550E+01   .18224E+00
  1265.0000   .11555E+01   .18346E+00
  1273.0000   .11559E+01   .18468E+00
  1281.0000   .11564E+01   .18590E+00
  1289.0000   .11569E+01   .18711E+00
  1297.0000   .11574E+01   .18833E+00
  1305.0000   .11578E+01   .18954E+00
  1313.0000   .11583E+01   .19074E+00
  1321.0000   .11588E+01   .19195E+00
  1329.0000   .11593E+01   .19316E+00
  1337.0000   .11597E+01   .19437E+00
  1345.0000   .11602E+01   .19558E+00
  1353.0000   .11607E+01   .19679E+00
  1361.0000   .11612E+01   .19800E+00
  1369.0000   .11616E+01   .19919E+00
  1377.0000   .11621E+01   .20039E+00
  1385.0000   .11626E+01   .20160E+00
  1393.0000   .11630E+01   .20280E+00
  1401.0000   .11635E+01   .20400E+00
  1409.0000   .11640E+01   .20521E+00
  1417.0000   .11644E+01   .20641E+00
  1425.0000   .11649E+01   .20761E+00
  1433.0000   .11654E+01   .20879E+00
  1441.0000   .11658E+01   .20998E+00
  1449.0000   .11663E+01   .21118E+00
  1457.0000   .11668E+01   .21238E+00
  1465.0000   .11673E+01   .21357E+00
  1473.0000   .11677E+01   .21477E+00
  1481.0000   .11682E+01   .21596E+00
  1489.0000   .11686E+01   .21715E+00
  1497.0000   .11691E+01   .21835E+00
  1505.0000   .11696E+01   .21952E+00
  1513.0000   .11700E+01   .22071E+00
  1521.0000   .11705E+01   .22190E+00
  1529.0000   .11710E+01   .22308E+00
  1537.0000   .11714E+01   .22427E+00
  1545.0000   .11719E+01   .22546E+00
  1553.0000   .11724E+01   .22664E+00
  1561.0000   .11728E+01   .22783E+00
  1569.0000   .11733E+01   .22901E+00
  1577.0000   .11737E+01   .23017E+00
  1585.0000   .11742E+01   .23135E+00
  1593.0000   .11746E+01   .23254E+00
  1601.0000   .11751E+01   .23372E+00
  1609.0000   .11756E+01   .23489E+00
  1617.0000   .11760E+01   .23607E+00
  1625.0000   .11765E+01   .23725E+00
  1633.0000   .11770E+01   .23843E+00
  1641.0000   .11774E+01   .23960E+00
  1649.0000   .11779E+01   .24077E+00
  1657.0000   .11783E+01   .24193E+00
  1665.0000   .11788E+01   .24310E+00
  1673.0000   .11792E+01   .24427E+00
  1681.0000   .11797E+01   .24544E+00
  1689.0000   .11801E+01   .24661E+00
  1697.0000   .11806E+01   .24778E+00
  1705.0000   .11810E+01   .24895E+00
  1713.0000   .11815E+01   .25012E+00
  1721.0000   .11819E+01   .25128E+00
  1729.0000   .11824E+01   .25245E+00
  1737.0000   .11829E+01   .25361E+00
  1745.0000   .11833E+01   .25475E+00
  1753.0000   .11838E+01   .25592E+00
  1761.0000   .11842E+01   .25708E+00
  1769.0000   .11847E+01   .25824E+00
  1777.0000   .11851E+01   .25940E+00
  1785.0000   .11856E+01   .26056E+00
  1793.0000   .11860E+01   .26172E+00
  1801.0000   .11865E+01   .26288E+00
  1809.0000   .11869E+01   .26403E+00
  1817.0000   .11874E+01   .26519E+00
  1825.0000   .11878E+01   .26635E+00
  1833.0000   .11883E+01   .26750E+00
  1841.0000   .11887E+01   .26863E+00
  1849.0000   .11891E+01   .26978E+00
  1857.0000   .11896E+01   .27093E+00
  1865.0000   .11900E+01   .27208E+00
  1873.0000   .11905E+01   .27323E+00
  1881.0000   .11909E+01   .27438E+00
  1889.0000   .11914E+01   .27553E+00
  1897.0000   .11918E+01   .27668E+00
  1905.0000   .11923E+01   .27782E+00
  1913.0000   .11927E+01   .27897E+00
  1921.0000   .11931E+01   .28011E+00
  1929.0000   .11936E+01   .28125E+00
  1937.0000   .11940E+01   .28240E+00
  1945.0000   .11945E+01   .28351E+00
  1953.0000   .11949E+01   .28466E+00
  1961.0000   .11954E+01   .28579E+00
  1969.0000   .11958E+01   .28693E+00
  1977.0000   .11962E+01   .28807E+00
  1985.0000   .11967E+01   .28921E+00
  1993.0000   .11971E+01   .29035E+00
  2001.0000   .11975E+01   .29148E+00
  2009.0000   .11980E+01   .29262E+00
  2017.0000   .11984E+01   .29375E+00
  2025.0000   .11989E+01   .29488E+00
  2033.0000   .11993E+01   .29601E+00
  2041.0000   .11997E+01   .29714E+00
  2049.0000   .12002E+01   .29827E+00
  2057.0000   .12006E+01   .29938E+00
  2065.0000   .12010E+01   .30051E+00
  2073.0000   .12015E+01   .30164E+00
  2081.0000   .12019E+01   .30276E+00
  2089.0000   .12023E+01   .30389E+00
  2097.0000   .12028E+01   .30501E+00
  2105.0000   .12032E+01   .30614E+00
  2113.0000   .12036E+01   .30726E+00
  2121.0000   .12041E+01   .30838E+00
  2129.0000   .12045E+01   .30950E+00
  2137.0000   .12049E+01   .31062E+00
  2145.0000   .12054E+01   .31174E+00
  2153.0000   .12058E+01   .31286E+00
  2161.0000   .12062E+01   .31398E+00
  2169.0000   .12067E+01   .31510E+00
  2177.0000   .12071E+01   .31619E+00
  2185.0000   .12075E+01   .31730E+00
  2193.0000   .12079E+01   .31842E+00
  2201.0000   .12084E+01   .31953E+00
  2209.0000   .12088E+01   .32065E+00
  2217.0000   .12092E+01   .32176E+00
  2225.0000   .12097E+01   .32287E+00
  2233.0000   .12101E+01   .32398E+00
  2241.0000   .12105E+01   .32509E+00
  2249.0000   .12109E+01   .32620E+00
  2257.0000   .12114E+01   .32730E+00
  2265.0000   .12118E+01   .32841E+00
  2273.0000   .12122E+01   .32952E+00
  2281.0000   .12126E+01   .33062E+00
  2289.0000   .12131E+01   .33173E+00
  2297.0000   .12135E+01   .33283E+00
  2305.0000   .12139E+01   .33393E+00
  2313.0000   .12143E+01   .33501E+00
  2321.0000   .12148E+01   .33611E+00
  2329.0000   .12152E+01   .33721E+00
  2337.0000   .12156E+01   .33831E+00
  2345.0000   .12160E+01   .33941E+00
  2353.0000   .12165E+01   .34050E+00
  2361.0000   .12169E+01   .34160E+00
  2369.0000   .12173E+01   .34270E+00
  2377.0000   .12177E+01   .34379E+00
  2385.0000   .12181E+01   .34488E+00
  2393.0000   .12185E+01   .34598E+00
  2401.0000   .12190E+01   .34707E+00
  2409.0000   .12194E+01   .34816E+00
  2417.0000   .12198E+01   .34925E+00
  2425.0000   .12202E+01   .35034E+00
  2433.0000   .12206E+01   .35143E+00
  2441.0000   .12211E+01   .35252E+00
  2449.0000   .12215E+01   .35360E+00
  2457.0000   .12219E+01   .35466E+00
  2465.0000   .12223E+01   .35575E+00
  2473.0000   .12227E+01   .35683E+00
  2481.0000   .12231E+01   .35792E+00
  2489.0000   .12236E+01   .35900E+00
  2497.0000   .12240E+01   .36008E+00
  2505.0000   .12244E+01   .36116E+00
  2513.0000   .12248E+01   .36225E+00
  2521.0000   .12252E+01   .36333E+00
  2529.0000   .12256E+01   .36440E+00
  2537.0000   .12260E+01   .36548E+00
  2545.0000   .12264E+01   .36656E+00
  2553.0000   .12269E+01   .36764E+00
  2561.0000   .12273E+01   .36871E+00
  2569.0000   .12277E+01   .36978E+00
  2577.0000   .12281E+01   .37086E+00
  2585.0000   .12285E+01   .37194E+00
  2593.0000   .12289E+01   .37301E+00
  2601.0000   .12293E+01   .37408E+00
  2609.0000   .12297E+01   .37515E+00
  2617.0000   .12301E+01   .37619E+00
  2625.0000   .12306E+01   .37726E+00
  2633.0000   .12309E+01   .37833E+00
  2641.0000   .12313E+01   .37940E+00
  2649.0000   .12318E+01   .38046E+00
  2657.0000   .12322E+01   .38153E+00
  2665.0000   .12326E+01   .38259E+00
  2673.0000   .12330E+01   .38366E+00
  2681.0000   .12334E+01   .38472E+00
  2689.0000   .12338E+01   .38578E+00
  2697.0000   .12342E+01   .38684E+00
  2705.0000   .12346E+01   .38791E+00
  2713.0000   .12350E+01   .38897E+00
  2721.0000   .12354E+01   .39002E+00
  2729.0000   .12358E+01   .39108E+00
  2737.0000   .12362E+01   .39214E+00
  2745.0000   .12366E+01   .39320E+00
  2753.0000   .12370E+01   .39425E+00
  2761.0000   .12374E+01   .39531E+00
  2769.0000   .12378E+01   .39636E+00
  2777.0000   .12382E+01   .39741E+00
  2785.0000   .12386E+01   .39847E+00
  2793.0000   .12390E+01   .39949E+00
  2801.0000   .12394E+01   .40054E+00
  2809.0000   .12398E+01   .40159E+00
  2817.0000   .12402E+01   .40264E+00
  2825.0000   .12406E+01   .40369E+00
  2833.0000   .12410E+01   .40474E+00
  2841.0000   .12414E+01   .40578E+00
  2849.0000   .12418E+01   .40683E+00
  2857.0000   .12422E+01   .40787E+00
  2865.0000   .12426E+01   .40892E+00
  2873.0000   .12430E+01   .40996E+00
  2881.0000   .12434E+01   .41100E+00
  2889.0000   .12438E+01   .41205E+00
  2897.0000   .12442E+01   .41309E+00
  2905.0000   .12446E+01   .41413E+00
  2913.0000   .12450E+01   .41517E+00
  2921.0000   .12454E+01   .41621E+00
  2929.0000   .12458E+01   .41724E+00
  2937.0000   .12462E+01   .41828E+00
  2945.0000   .12466E+01   .41932E+00
  2953.0000   .12470E+01   .42035E+00
  2961.0000   .12473E+01   .42139E+00
  2969.0000   .12477E+01   .42242E+00
  2977.0000   .12481E+01   .42345E+00
  2985.0000   .12485E+01   .42449E+00
  2993.0000   .12489E+01   .42549E+00
  3001.0000   .12493E+01   .42652E+00
  3009.0000   .12497E+01   .42755E+00
  3017.0000   .12501E+01   .42858E+00
  3025.0000   .12505E+01   .42960E+00
  3033.0000   .12509E+01   .43063E+00
  3041.0000   .12513E+01   .43166E+00