    1.0000   .00000E+00   .00000E+00
     9.0000   .00000E+00   .00000E+00
    17.0000   .00000E+00   .00000E+00
    25.0000   .00000E+00   .00000E+00
    33.0000   .00000E+00   .00000E+00
    41.0000   .75792E-05   .00000E+00
    49.0000   .77690E-04   .00000E+00
    57.0000   .35906E-03   .00000E+00
    65.0000   .11280E-02   .00000E+00
    73.0000   .27521E-02   .00000E+00
    81.0000   .56238E-02   .00000E+00
    89.0000   .10097E-01   .00000E+00
    97.0000   .16440E-01   .00000E+00
   105.0000   .24823E-01   .26302E-04
   113.0000   .35315E-01   .53538E-04
   121.0000   .47897E-01   .89191E-04
   129.0000   .62477E-01   .13331E-03
   137.0000   .78914E-01   .19260E-03
   145.0000   .97031E-01   .26492E-03
   153.0000   .11663E+00   .35313E-03
   161.0000   .13750E+00   .45575E-03
   169.0000   .15944E+00   .57883E-03
   177.0000   .18225E+00   .71784E-03
   185.0000   .20573E+00   .87591E-03
   193.0000   .22971E+00   .10535E-02
   201.0000   .25403E+00   .12516E-02
   209.0000   .27854E+00   .14693E-02
   217.0000   .30311E+00   .17070E-02
   225.0000   .32762E+00   .19649E-02
   233.0000   .35198E+00   .22426E-02
   241.0000   .37610E+00   .25376E-02
   249.0000   .39991E+00   .28548E-02
   257.0000   .42333E+00   .31912E-02
   265.0000   .44633E+00   .35437E-02
   273.0000   .46884E+00   .39175E-02
   281.0000   .49085E+00   .43065E-02
   289.0000   .51232E+00   .47159E-02
   297.0000   .53324E+00   .51395E-02
   305.0000   .55357E+00   .55828E-02
   313.0000   .57333E+00   .60392E-02
   321.0000   .59249E+00   .65141E-02
   329.0000   .61106E+00   .70015E-02
   337.0000   .62904E+00   .75032E-02
   345.0000   .64643E+00   .80223E-02
   353.0000   .66323E+00   .85519E-02
   361.0000   .67946E+00   .90945E-02
   369.0000   .69512E+00   .96531E-02
   377.0000   .71023E+00   .10221E-01
   385.0000   .72480E+00   .10800E-01
   393.0000   .73883E+00   .11394E-01
   401.0000   .75235E+00   .11995E-01
   409.0000   .76536E+00   .12607E-01
   417.0000   .77789E+00   .13229E-01
   425.0000   .78994E+00   .13864E-01
   433.0000   .80153E+00   .14505E-01
   441.0000   .81267E+00   .15154E-01
   449.0000   .82339E+00   .15812E-01
   457.0000   .83369E+00   .16481E-01
   465.0000   .84358E+00   .17154E-01
   473.0000   .85309E+00   .17835E-01
   481.0000   .86223E+00   .18523E-01
   489.0000   .87100E+00   .19218E-01
   497.0000   .87944E+00   .19924E-01
   505.0000   .88753E+00   .20632E-01
   513.0000   .89531E+00   .21345E-01
   521.0000   .90277E+00   .22065E-01
   529.0000   .90994E+00   .22789E-01
   537.0000   .91683E+00   .23523E-01
   545.0000   .92344E+00   .24257E-01
   553.0000   .92979E+00   .24996E-01
   561.0000   .93589E+00   .25741E-01
   569.0000   .94175E+00   .26489E-01
   577.0000   .94737E+00   .27242E-01
   585.0000   .95277E+00   .27998E-01
   593.0000   .95796E+00   .28762E-01
   601.0000   .96294E+00   .29527E-01
   609.0000   .96773E+00   .30292E-01
   617.0000   .97233E+00   .31062E-01
   625.0000   .97675E+00   .31836E-01
   633.0000   .98100E+00   .32612E-01
   641.0000   .98508E+00   .33391E-01
   649.0000   .98900E+00   .34177E-01
   657.0000   .99278E+00   .34962E-01
   665.0000   .99640E+00   .35749E-01
   673.0000   .99989E+00   .36535E-01
   681.0000   .10032E+01   .37327E-01
   689.0000   .10065E+01   .38120E-01
   697.0000   .10096E+01   .38915E-01
   705.0000   .10126E+01   .39713E-01
   713.0000   .10154E+01   .40511E-01
   721.0000   .10182E+01   .41313E-01
   729.0000   .10209E+01   .42116E-01
   737.0000   .10234E+01   .42919E-01
   745.0000   .10259E+01   .43725E-01
   753.0000   .10283E+01   .44531E-01
   761.0000   .10306E+01   .45339E-01
   769.0000   .10328E+01   .46144E-01
   777.0000   .10349E+01   .46954E-01
   785.0000   .10370E+01   .47765E-01
   793.0000   .10390E+01   .48577E-01
   801.0000   .10409E+01   .49390E-01
   809.0000   .10427E+01   .50209E-01
   817.0000   .10445E+01   .51020E-01
   825.0000   .10462E+01   .51836E-01
   833.0000   .10479E+01   .52652E-01
   841.0000   .10495E+01   .53470E-01
   849.0000   .10511E+01   .54287E-01
   857.0000   .10526E+01   .55101E-01
   865.0000   .10541E+01   .55920E-01
   873.0000   .10555E+01   .56739E-01
   881.0000   .10568E+01   .57559E-01
   889.0000   .10582E+01   .58379E-01
   897.0000   .10594E+01   .59200E-01
   905.0000   .10607E+01   .60020E-01
   913.0000   .10619E+01   .60842E-01
   921.0000   .10631E+01   .61664E-01
   929.0000   .10642E+01   .62486E-01
   937.0000   .10653E+01   .63309E-01
   945.0000   .10664E+01   .64126E-01
   953.0000   .10674E+01   .64949E-01
   961.0000   .10684E+01   .65772E-01
   969.0000   .10694E+01   .66595E-01
   977.0000   .10704E+01   .67418E-01
   985.0000   .10713E+01   .68235E-01
   993.0000   .10722E+01   .69058E-01
  1001.0000   .10731E+01   .69882E-01
  1009.0000   .10739E+01   .70705E-01
  1017.0000   .10748E+01   .71529E-01
  1025.0000   .10756E+01   .72351E-01
  1033.0000   .10764E+01   .73175E-01
  1041.0000   .10772E+01   .73999E-01
  1049.0000   .10779E+01   .74822E-01
  1057.0000   .10787E+01   .75638E-01
  1065.0000   .10794E+01   .76462E-01
  1073.0000   .10801E+01   .77286E-01
  1081.0000   .10808E+01   .78110E-01
  1089.0000   .10815E+01   .78933E-01
  1097.0000   .10821E+01   .79748E-01
  1105.0000   .10828E+01   .80571E-01
  1113.0000   .10834E+01   .81394E-01
  1121.0000   .10841E+01   .82217E-01
  1129.0000   .10847E+01   .83040E-01
  1137.0000   .10853E+01   .83853E-01
  1145.0000   .10859E+01   .84676E-01
  1153.0000   .10865E+01   .85498E-01
  1161.0000   .10870E+01   .86320E-01
  1169.0000   .10876E+01   .87142E-01
  1177.0000   .10882E+01   .87959E-01
  1185.0000   .10887E+01   .88781E-01
  1193.0000   .10892E+01   .89603E-01
  1201.0000   .10898E+01   .90424E-01
  1209.0000   .10903E+01   .91245E-01
  1217.0000   .10908E+01   .92056E-01
  1225.0000   .10913E+01   .92876E-01
  1233.0000   .10918E+01   .93697E-01
  1241.0000   .10923E+01   .94517E-01
  1249.0000   .10928E+01   .95337E-01
  1257.0000   .10933E+01   .96145E-01
  1265.0000   .10938E+01   .96965E-01
  1273.0000   .10942E+01   .97784E-01
  1281.0000   .10947E+01   .98602E-01
  1289.0000   .10952E+01   .99421E-01
  1297.0000   .10956E+01   .10023E+00
  1305.0000   .10961E+01   .10104E+00
  1313.0000   .10965E+01   .10186E+00
  1321.0000   .10969E+01   .10268E+00
  1329.0000   .10974E+01   .10350E+00
  1337.0000   .10978E+01   .10430E+00
  1345.0000   .10982E+01   .10512E+00
  1353.0000   .10987E+01   .10593E+00
  1361.0000   .10991E+01   .10675E+00
  1369.0000   .10995E+01   .10757E+00
  1377.0000   .10999E+01   .10839E+00
  1385.0000   .11003E+01   .10919E+00
  1393.0000   .11007E+01   .11000E+00
  1401.0000   .11011E+01   .11082E+00
  1409.0000   .11015E+01   .11163E+00
  1417.0000   .11019E+01   .11244E+00
  1425.0000   .11023E+01   .11324E+00
  1433.0000   .11027E+01   .11406E+00
  1441.0000   .11031E+01   .11487E+00
  1449.0000   .11035E+01   .11568E+00
  1457.0000   .11039E+01   .11650E+00
  1465.0000   .11043E+01   .11731E+00
  1473.0000   .11047E+01   .11810E+00
  1481.0000   .11050E+01   .11891E+00
  1489.0000   .11054E+01   .11973E+00
  1497.0000   .11058E+01   .12054E+00
  1505.0000   .11062E+01   .12135E+00
  1513.0000   .11065E+01   .12214E+00
  1521.0000   .11069E+01   .12295E+00
  1529.0000   .11073E+01   .12376E+00
  1537.0000   .11077E+01   .12457E+00
  1545.0000   .11080E+01   .12538E+00
  1553.0000   .11084E+01   .12618E+00
  1561.0000   .11088E+01   .12697E+00
  1569.0000   .11091E+01   .12778E+00
  1577.0000   .11095E+01   .12859E+00
  1585.0000   .11098E+01   .12939E+00
  1593.0000   .11102E+01   .13020E+00
  1601.0000   .11105E+01   .13101E+00
  1609.0000   .11109E+01   .13182E+00
  1617.0000   .11113E+01   .13261E+00
  1625.0000   .11116E+01   .13341E+00
  1633.0000   .11120E+01   .13422E+00
  1641.0000   .11123E+01   .13502E+00
  1649.0000   .11127E+01   .13582E+00
  1657.0000   .11130E+01   .13663E+00
  1665.0000   .11134E+01   .13741E+00
  1673.0000   .11137E+01   .13821E+00
  1681.0000   .11141E+01   .13902E+00
  1689.0000   .11144E+01   .13982E+00
  1697.0000   .11148E+01   .14062E+00
  1705.0000   .11151E+01   .14142E+00
  1713.0000   .11155E+01   .14222E+00
  1721.0000   .11158E+01   .14300E+00
  1729.0000   .11161E+01   .14381E+00
  1737.0000   .11165E+01   .14461E+00
  1745.0000   .11168E+01   .14540E+00
  1753.0000   .11172E+01   .14620E+00
  1761.0000   .11175E+01   .14700E+00
  1769.0000   .11179E+01   .14780E+00
  1777.0000   .11182E+01   .14858E+00
  1785.0000   .11185E+01   .14938E+00
  1793.0000   .11189E+01   .15017E+00
  1801.0000   .11192E+01   .15097E+00
  1809.0000   .11195E+01   .15177E+00
  1817.0000   .11199E+01   .15256E+00
  1825.0000   .11202E+01   .15336E+00
  1833.0000   .11206E+01   .15413E+00
  1841.0000   .11209E+01   .15493E+00
  1849.0000   .11212E+01   .15572E+00
  1857.0000   .11216E+01   .15652E+00
  1865.0000   .11219E+01   .15731E+00
  1873.0000   .11222E+01   .15810E+00
  1881.0000   .11225E+01   .15890E+00
  1889.0000   .11229E+01   .15969E+00
  1897.0000   .11232E+01   .16046E+00
  1905.0000   .11235E+01   .16125E+00
  1913.0000   .11238E+01   .16204E+00
  1921.0000   .11242E+01   .16283E+00
  1929.0000   .11245E+01   .16363E+00
  1937.0000   .11248E+01   .16442E+00
  1945.0000   .11251E+01   .16521E+00
  1953.0000   .11255E+01   .16600E+00
  1961.0000   .11258E+01   .16677E+00
  1969.0000   .11261E+01   .16756E+00
  1977.0000   .11265E+01   .16835E+00
  1985.0000   .11268E+01   .16914E+00
  1993.0000   .11271E+01   .16992E+00
  2001.0000   .11274E+01   .17071E+00
  2009.0000   .11277E+01   .17150E+00
  2017.0000   .11281E+01   .17229E+00
  2025.0000   .11284E+01   .17305E+00
  2033.0000   .11287E+01   .17383E+00
  2041.0000   .11290E+01   .17462E+00
  2049.0000   .11294E+01   .17541E+00
  2057.0000   .11297E+01   .17619E+00
  2065.0000   .11300E+01   .17698E+00
  2073.0000   .11303E+01   .17776E+00
  2081.0000   .11307E+01   .17854E+00
  2089.0000   .11310E+01   .17933E+00
  2097.0000   .11313E+01   .18009E+00
  2105.0000   .11316E+01   .18087E+00
  2113.0000   .11319E+01   .18165E+00
  2121.0000   .11323E+01   .18243E+00
  2129.0000   .11326E+01   .18322E+00
  2137.0000   .11329E+01   .18400E+00
  2145.0000   .11332E+01   .18478E+00
  2153.0000   .11336E+01   .18556E+00
  2161.0000   .11339E+01   .18634E+00
  2169.0000   .11342E+01   .18709E+00
  2177.0000   .11345E+01   .18787E+00
  2185.0000   .11348E+01   .18865E+00
  2193.0000   .11351E+01   .18943E+00
  2201.0000   .11355E+01   .19021E+00
  2209.0000   .11358E+01   .19099E+00
  2217.0000   .11361E+01   .19176E+00
  2225.0000   .11364E+01   .19254E+00
  2233.0000   .11368E+01   .19332E+00
  2241.0000   .11371E+01   .19409E+00
  2249.0000   .11374E+01   .19484E+00
  2257.0000   .11377E+01   .19562E+00
  2265.0000   .11380E+01   .19639E+00
  2273.0000   .11383E+01   .19717E+00
  2281.0000   .11386E+01   .19794E+00
  2289.0000   .11390E+01   .19872E+00
  2297.0000   .11393E+01   .19949E+00
  2305.0000   .11396E+01   .20026E+00
  2313.0000   .11399E+01   .20104E+00
  2321.0000   .11402E+01   .20181E+00
  2329.0000   .11406E+01   .20258E+00
  2337.0000   .11409E+01   .20332E+00
  2345.0000   .11412E+01   .20409E+00
  2353.0000   .11415E+01   .20487E+00
  2361.0000   .11418E+01   .20564E+00
  2369.0000   .11421E+01   .20642E+00
  2377.0000   .11425E+01   .20719E+00
  2385.0000   .11428E+01   .20796E+00
  2393.0000   .11431E+01   .20872E+00
  2401.0000   .11434E+01   .20949E+00
  2409.0000   .11437E+01   .21026E+00
  2417.0000   .11440E+01   .21103E+00
  2425.0000   .11443E+01   .21177E+00
  2433.0000   .11447E+01   .21254E+00
  2441.0000   .11450E+01   .21330E+00
  2449.0000   .11453E+01   .21407E+00
  2457.0000   .11456E+01   .21484E+00
  2465.0000   .11459E+01   .21560E+00
  2473.0000   .11462E+01   .21637E+00
  2481.0000   .11465E+01   .21713E+00
  2489.0000   .11468E+01   .21790E+00
  2497.0000   .11472E+01   .21866E+00
  2505.0000   .11475E+01   .21943E+00
  2513.0000   .11478E+01   .22016E+00
  2521.0000   .11481E+01   .22092E+00
  2529.0000   .11484E+01   .22169E+00
  2537.0000   .11487E+01   .22245E+00
  2545.0000   .11490E+01   .22321E+00
  2553.0000   .11493E+01   .22398E+00
  2561.0000   .11497E+01   .22474E+00
  2569.0000   .11500E+01   .22550E+00
  2577.0000   .11503E+01   .22626E+00
  2585.0000   .11506E+01   .22702E+00
  2593.0000   .11509E+01   .22778E+00
  2601.0000   .11512E+01   .22854E+00
  2609.0000   .11515E+01   .22927E+00
  2617.0000   .11518E+01   .23002E+00
  2625.0000   .11521E+01   .23078E+00
  2633.0000   .11524E+01   .23154E+00
  2641.0000   .11527E+01   .23230E+00
  2649.0000   .11531E+01   .23306E+00
  2657.0000   .11534E+01   .23382E+00
  2665.0000   .11537E+01   .23457E+00
  2673.0000   .11540E+01   .23533E+00
  2681.0000   .11543E+01   .23608E+00
  2689.0000   .11546E+01   .23684E+00
  2697.0000   .11549E+01   .23760E+00
  2705.0000   .11552E+01   .23835E+00
  2713.0000   .11555E+01   .23907E+00
  2721.0000   .11558E+01   .23982E+00
  2729.0000   .11562E+01   .24058E+00
  2737.0000   .11565E+01   .24133E+00
  2745.0000   .11568E+01   .24209E+00
  2753.0000   .11571E+01   .24284E+00
  2761.0000   .11574E+01   .24359E+00
  2769.0000   .11577E+01   .24434E+00
  2777.0000   .11580E+01   .24510E+00
  2785.0000   .11583E+01   .24585E+00
  2793.0000   .11586E+01   .24660E+00
  2801.0000   .11589E+01   .24735E+00
  2809.0000   .11592E+01   .24810E+00
  2817.0000   .11595E+01   .24885E+00
  2825.0000   .11598E+01   .24956E+00
  2833.0000   .11601E+01   .25031E+00
  2841.0000   .11604E+01   .25106E+00
  2849.0000   .11607E+01   .25181E+00
  2857.0000   .11611E+01   .25256E+00
  2865.0000   .11614E+01   .25330E+00
  2873.0000   .11617E+01   .25405E+00
  2881.0000   .11619E+01   .25480E+00
  2889.0000   .11623E+01   .25554E+00
  2897.0000   .11626E+01   .25629E+00
  2905.0000   .11629E+01   .25704E+00
  2913.0000   .11632E+01   .25778E+00
  2921.0000   .11635E+01   .25853E+00
  2929.0000   .11638E+01   .25927E+00
  2937.0000   .11641E+01   .26001E+00
  2945.0000   .11644E+01   .26072E+00
  2953.0000   .11647E+01   .26146E+00
  2961.0000   .11650E+01   .26221E+00
  2969.0000   .11653E+01   .26295E+00
  2977.0000   .11656E+01   .26370E+00
  2985.0000   .11659E+01   .26444E+00
  2993.0000   .11662E+01   .26519E+00
  3001.0000   .11665E+01   .26593E+00
  3009.0000   .11668E+01   .26667E+00
  3017.0000   .11671E+01   .26741E+00
  3025.0000   .11674E+01   .26815E+00
  3033.0000   .11677E+01   .26889E+00
  3041.0000   .11680E+01   .26963E+00